Notes	State	State Code	Year	Year Code	Deaths	Population
	Alabama	1	1999	1999	1341	4430141
	Alabama	1	2000	2000	1321	4447100
	Alabama	1	2001	2001	1344	4467634
	Alabama	1	2002	2002	1486	4480089
	Alabama	1	2003	2003	1414	4503491
	Alabama	1	2004	2004	1449	4530729
	Alabama	1	2005	2005	1429	4569805
	Alabama	1	2006	2006	1453	4628981
	Alabama	1	2007	2007	1313	4672840
	Alabama	1	2008	2008	1386	4718206
	Alabama	1	2009	2009	1259	4757938
	Alabama	1	2010	2010	1302	4779736
	Alabama	1	2011	2011	1278	4802740
	Alabama	1	2012	2012	1300	4822023
	Alabama	1	2013	2013	1349	4833722
	Alabama	1	2014	2014	1281	4849377
	Alabama	1	2015	2015	1255	4858979
	Alabama	1	2016	2016	1183	4863300
	Alabama	1	2017	2017	1173	4874747
	Alabama	1	2018	2018	1176	4887871
	Alabama	1	2019	2019	1224	4903185
	Alaska	2	1999	1999	67	624779
	Alaska	2	2000	2000	87	626932
	Alaska	2	2001	2001	80	633714
	Alaska	2	2002	2002	86	642337
	Alaska	2	2003	2003	102	648414
	Alaska	2	2004	2004	93	659286
	Alaska	2	2005	2005	93	666946
	Alaska	2	2006	2006	109	675302
	Alaska	2	2007	2007	105	680300
	Alaska	2	2008	2008	93	687455
	Alaska	2	2009	2009	84	698895
	Alaska	2	2010	2010	86	710231
	Alaska	2	2011	2011	107	722718
	Alaska	2	2012	2012	107	731449
	Alaska	2	2013	2013	112	735132
	Alaska	2	2014	2014	113	736732
	Alaska	2	2015	2015	142	738432
	Alaska	2	2016	2016	124	741894
	Alaska	2	2017	2017	130	739795
	Alaska	2	2018	2018	122	737438
	Alaska	2	2019	2019	111	731545
	Arizona	4	1999	1999	1063	5023823
	Arizona	4	2000	2000	1012	5130632
	Arizona	4	2001	2001	1058	5273477
	Arizona	4	2002	2002	1231	5396255
	Arizona	4	2003	2003	1153	5510364
	Arizona	4	2004	2004	1196	5652404
	Arizona	4	2005	2005	1208	5839077
	Arizona	4	2006	2006	1206	6029141
	Arizona	4	2007	2007	1159	6167681
	Arizona	4	2008	2008	1173	6280362
	Arizona	4	2009	2009	1083	6343154
	Arizona	4	2010	2010	1389	6392017
	Arizona	4	2011	2011	1740	6482505
	Arizona	4	2012	2012	1736	6553255
	Arizona	4	2013	2013	1786	6626624
	Arizona	4	2014	2014	1936	6731484
	Arizona	4	2015	2015	2081	6828065
	Arizona	4	2016	2016	2025	6931071
	Arizona	4	2017	2017	2054	7016270
	Arizona	4	2018	2018	2046	7171646
	Arizona	4	2019	2019	2173	7278717
	Arkansas	5	1999	1999	691	2651860
	Arkansas	5	2000	2000	714	2673400
	Arkansas	5	2001	2001	756	2691571
	Arkansas	5	2002	2002	793	2705927
	Arkansas	5	2003	2003	884	2724816
	Arkansas	5	2004	2004	838	2749686
	Arkansas	5	2005	2005	824	2781097
	Arkansas	5	2006	2006	839	2821761
	Arkansas	5	2007	2007	838	2848650
	Arkansas	5	2008	2008	901	2874554
	Arkansas	5	2009	2009	890	2896843
	Arkansas	5	2010	2010	850	2915918
	Arkansas	5	2011	2011	908	2937979
	Arkansas	5	2012	2012	833	2949131
	Arkansas	5	2013	2013	835	2959373
	Arkansas	5	2014	2014	828	2966369
	Arkansas	5	2015	2015	886	2978204
	Arkansas	5	2016	2016	920	2988248
	Arkansas	5	2017	2017	1180	3004279
	Arkansas	5	2018	2018	1194	3013825
	Arkansas	5	2019	2019	1144	3017804
	California	6	1999	1999	6401	33499204
	California	6	2000	2000	6190	33871648
	California	6	2001	2001	6395	34479458
	California	6	2002	2002	6807	34871843
	California	6	2003	2003	7093	35253159
	California	6	2004	2004	7117	35574576
	California	6	2005	2005	7697	35827943
	California	6	2006	2006	7376	36021202
	California	6	2007	2007	7413	36250311
	California	6	2008	2008	7375	36604337
	California	6	2009	2009	6979	36961229
	California	6	2010	2010	7061	37253956
	California	6	2011	2011	7695	37691912
	California	6	2012	2012	7895	38041430
	California	6	2013	2013	8057	38332521
	California	6	2014	2014	8249	38802500
	California	6	2015	2015	8845	39144818
	California	6	2016	2016	9124	39250017
	California	6	2017	2017	9595	39536653
	California	6	2018	2018	9506	39557045
	California	6	2019	2019	9854	39512223
	Colorado	8	1999	1999	639	4226018
	Colorado	8	2000	2000	635	4301261
	Colorado	8	2001	2001	667	4425687
	Colorado	8	2002	2002	659	4490406
	Colorado	8	2003	2003	708	4528732
	Colorado	8	2004	2004	696	4575013
	Colorado	8	2005	2005	753	4631888
	Colorado	8	2006	2006	677	4720423
	Colorado	8	2007	2007	710	4803868
	Colorado	8	2008	2008	767	4889730
	Colorado	8	2009	2009	779	4972195
	Colorado	8	2010	2010	721	5029196
	Colorado	8	2011	2011	790	5116796
	Colorado	8	2012	2012	797	5187582
	Colorado	8	2013	2013	788	5268367
	Colorado	8	2014	2014	835	5355866
	Colorado	8	2015	2015	887	5456574
	Colorado	8	2016	2016	938	5540545
	Colorado	8	2017	2017	1017	5607154
	Colorado	8	2018	2018	974	5695564
	Colorado	8	2019	2019	1046	5758736
	Connecticut	9	1999	1999	691	3386401
	Connecticut	9	2000	2000	683	3405565
	Connecticut	9	2001	2001	759	3432835
	Connecticut	9	2002	2002	675	3458749
	Connecticut	9	2003	2003	665	3484336
	Connecticut	9	2004	2004	767	3496094
	Connecticut	9	2005	2005	811	3506956
	Connecticut	9	2006	2006	782	3517460
	Connecticut	9	2007	2007	646	3527270
	Connecticut	9	2008	2008	624	3545579
	Connecticut	9	2009	2009	624	3561807
	Connecticut	9	2010	2010	662	3574097
	Connecticut	9	2011	2011	692	3580709
	Connecticut	9	2012	2012	631	3590347
	Connecticut	9	2013	2013	664	3596080
	Connecticut	9	2014	2014	685	3596677
	Connecticut	9	2015	2015	653	3590886
	Connecticut	9	2016	2016	699	3576452
	Connecticut	9	2017	2017	694	3588184
	Connecticut	9	2018	2018	708	3572665
	Connecticut	9	2019	2019	761	3565287
	Delaware	10	1999	1999	179	774990
	Delaware	10	2000	2000	193	783600
	Delaware	10	2001	2001	218	795699
	Delaware	10	2002	2002	215	806169
	Delaware	10	2003	2003	239	818003
	Delaware	10	2004	2004	210	830803
	Delaware	10	2005	2005	233	845150
	Delaware	10	2006	2006	191	859268
	Delaware	10	2007	2007	223	871749
	Delaware	10	2008	2008	217	883874
	Delaware	10	2009	2009	206	891730
	Delaware	10	2010	2010	196	897934
	Delaware	10	2011	2011	224	907135
	Delaware	10	2012	2012	241	917092
	Delaware	10	2013	2013	218	925749
	Delaware	10	2014	2014	226	935614
	Delaware	10	2015	2015	215	945934
	Delaware	10	2016	2016	203	952065
	Delaware	10	2017	2017	244	961939
	Delaware	10	2018	2018	238	967171
	Delaware	10	2019	2019	267	973764
	District of Columbia	11	1999	1999	221	570213
	District of Columbia	11	2000	2000	221	572059
	District of Columbia	11	2001	2001	209	574504
	District of Columbia	11	2002	2002	191	573158
	District of Columbia	11	2003	2003	179	568502
	District of Columbia	11	2004	2004	224	567754
	District of Columbia	11	2005	2005	192	567136
	District of Columbia	11	2006	2006	184	570681
	District of Columbia	11	2007	2007	152	574404
	District of Columbia	11	2008	2008	156	580236
	District of Columbia	11	2009	2009	129	592228
	District of Columbia	11	2010	2010	145	601723
	District of Columbia	11	2011	2011	152	617996
	District of Columbia	11	2012	2012	145	632323
	District of Columbia	11	2013	2013	108	646449
	District of Columbia	11	2014	2014	119	658893
	District of Columbia	11	2015	2015	162	672228
	District of Columbia	11	2016	2016	127	681170
	District of Columbia	11	2017	2017	138	693972
	District of Columbia	11	2018	2018	144	702455
	District of Columbia	11	2019	2019	128	705749
	Florida	12	1999	1999	4357	15759421
	Florida	12	2000	2000	4449	15982378
	Florida	12	2001	2001	4631	16356966
	Florida	12	2002	2002	4583	16689370
	Florida	12	2003	2003	4762	17004085
	Florida	12	2004	2004	4809	17415318
	Florida	12	2005	2005	5193	17842038
	Florida	12	2006	2006	5172	18166990
	Florida	12	2007	2007	5110	18367842
	Florida	12	2008	2008	5161	18527305
	Florida	12	2009	2009	4901	18652644
	Florida	12	2010	2010	5024	18801310
	Florida	12	2011	2011	5093	19057542
	Florida	12	2012	2012	5092	19317568
	Florida	12	2013	2013	5238	19552860
	Florida	12	2014	2014	5371	19893297
	Florida	12	2015	2015	5403	20271272
	Florida	12	2016	2016	5782	20612439
	Florida	12	2017	2017	6172	20984400
	Florida	12	2018	2018	6204	21299325
	Florida	12	2019	2019	6174	21477737
	Georgia	13	1999	1999	1448	8045965
	Georgia	13	2000	2000	1461	8186453
	Georgia	13	2001	2001	1475	8377038
	Georgia	13	2002	2002	1576	8508256
	Georgia	13	2003	2003	1717	8622793
	Georgia	13	2004	2004	1623	8769252
	Georgia	13	2005	2005	1742	8925922
	Georgia	13	2006	2006	1657	9155813
	Georgia	13	2007	2007	1604	9349988
	Georgia	13	2008	2008	1496	9504843
	Georgia	13	2009	2009	1582	9620846
	Georgia	13	2010	2010	1996	9687653
	Georgia	13	2011	2011	2121	9815210
	Georgia	13	2012	2012	2088	9919945
	Georgia	13	2013	2013	2199	9992167
	Georgia	13	2014	2014	2230	10097343
	Georgia	13	2015	2015	2210	10214860
	Georgia	13	2016	2016	2238	10310371
	Georgia	13	2017	2017	2348	10429379
	Georgia	13	2018	2018	2471	10519475
	Georgia	13	2019	2019	2375	10617423
	Hawaii	15	1999	1999	211	1210300
	Hawaii	15	2000	2000	203	1211537
	Hawaii	15	2001	2001	173	1225948
	Hawaii	15	2002	2002	204	1239613
	Hawaii	15	2003	2003	202	1251154
	Hawaii	15	2004	2004	194	1273569
	Hawaii	15	2005	2005	218	1292729
	Hawaii	15	2006	2006	271	1309731
	Hawaii	15	2007	2007	291	1315675
	Hawaii	15	2008	2008	286	1332213
	Hawaii	15	2009	2009	308	1346717
	Hawaii	15	2010	2010	272	1360301
	Hawaii	15	2011	2011	264	1374810
	Hawaii	15	2012	2012	277	1392313
	Hawaii	15	2013	2013	271	1404054
	Hawaii	15	2014	2014	276	1419561
	Hawaii	15	2015	2015	263	1431603
	Hawaii	15	2016	2016	285	1428557
	Hawaii	15	2017	2017	299	1427538
	Hawaii	15	2018	2018	316	1420491
	Hawaii	15	2019	2019	311	1415872
	Idaho	16	1999	1999	267	1275674
	Idaho	16	2000	2000	304	1293953
	Idaho	16	2001	2001	318	1319962
	Idaho	16	2002	2002	322	1340372
	Idaho	16	2003	2003	358	1363380
	Idaho	16	2004	2004	344	1391802
	Idaho	16	2005	2005	299	1428241
	Idaho	16	2006	2006	320	1468669
	Idaho	16	2007	2007	331	1505105
	Idaho	16	2008	2008	356	1534320
	Idaho	16	2009	2009	372	1554439
	Idaho	16	2010	2010	353	1567582
	Idaho	16	2011	2011	393	1584985
	Idaho	16	2012	2012	371	1595728
	Idaho	16	2013	2013	404	1612136
	Idaho	16	2014	2014	409	1634464
	Idaho	16	2015	2015	403	1654930
	Idaho	16	2016	2016	375	1683140
	Idaho	16	2017	2017	394	1716943
	Idaho	16	2018	2018	408	1754208
	Idaho	16	2019	2019	422	1787065
	Illinois	17	1999	1999	3004	12359020
	Illinois	17	2000	2000	2995	12419293
	Illinois	17	2001	2001	3092	12488445
	Illinois	17	2002	2002	3011	12525556
	Illinois	17	2003	2003	3044	12556006
	Illinois	17	2004	2004	3069	12589773
	Illinois	17	2005	2005	3034	12609903
	Illinois	17	2006	2006	2795	12643955
	Illinois	17	2007	2007	2851	12695866
	Illinois	17	2008	2008	2846	12747038
	Illinois	17	2009	2009	2741	12796778
	Illinois	17	2010	2010	2507	12830632
	Illinois	17	2011	2011	2693	12869257
	Illinois	17	2012	2012	2706	12875255
	Illinois	17	2013	2013	2798	12882135
	Illinois	17	2014	2014	2712	12880580
	Illinois	17	2015	2015	2817	12859995
	Illinois	17	2016	2016	2781	12801539
	Illinois	17	2017	2017	2927	12802023
	Illinois	17	2018	2018	2878	12741080
	Illinois	17	2019	2019	2825	12671821
	Indiana	18	1999	1999	1591	6044969
	Indiana	18	2000	2000	1673	6080485
	Indiana	18	2001	2001	1677	6127760
	Indiana	18	2002	2002	1688	6155967
	Indiana	18	2003	2003	1731	6196638
	Indiana	18	2004	2004	1673	6233007
	Indiana	18	2005	2005	1719	6278616
	Indiana	18	2006	2006	1682	6332669
	Indiana	18	2007	2007	1564	6379599
	Indiana	18	2008	2008	1683	6424806
	Indiana	18	2009	2009	1646	6459325
	Indiana	18	2010	2010	1587	6483802
	Indiana	18	2011	2011	1808	6516922
	Indiana	18	2012	2012	1860	6537334
	Indiana	18	2013	2013	1943	6570902
	Indiana	18	2014	2014	1819	6596855
	Indiana	18	2015	2015	2030	6619680
	Indiana	18	2016	2016	1992	6633053
	Indiana	18	2017	2017	2096	6666818
	Indiana	18	2018	2018	2093	6691878
	Indiana	18	2019	2019	2045	6732219
	Iowa	19	1999	1999	684	2917634
	Iowa	19	2000	2000	630	2926324
	Iowa	19	2001	2001	709	2931997
	Iowa	19	2002	2002	734	2934234
	Iowa	19	2003	2003	727	2941999
	Iowa	19	2004	2004	700	2953635
	Iowa	19	2005	2005	727	2964454
	Iowa	19	2006	2006	804	2982644
	Iowa	19	2007	2007	767	2999212
	Iowa	19	2008	2008	764	3016734
	Iowa	19	2009	2009	702	3032870
	Iowa	19	2010	2010	733	3046355
	Iowa	19	2011	2011	770	3062309
	Iowa	19	2012	2012	692	3074186
	Iowa	19	2013	2013	747	3090416
	Iowa	19	2014	2014	1019	3107126
	Iowa	19	2015	2015	1077	3123899
	Iowa	19	2016	2016	847	3134693
	Iowa	19	2017	2017	918	3145711
	Iowa	19	2018	2018	898	3156145
	Iowa	19	2019	2019	861	3155070
	Kansas	20	1999	1999	650	2678338
	Kansas	20	2000	2000	668	2688418
	Kansas	20	2001	2001	721	2702162
	Kansas	20	2002	2002	765	2713535
	Kansas	20	2003	2003	676	2723004
	Kansas	20	2004	2004	690	2734373
	Kansas	20	2005	2005	710	2745299
	Kansas	20	2006	2006	749	2762931
	Kansas	20	2007	2007	702	2783785
	Kansas	20	2008	2008	706	2808076
	Kansas	20	2009	2009	635	2832704
	Kansas	20	2010	2010	655	2853118
	Kansas	20	2011	2011	711	2871238
	Kansas	20	2012	2012	639	2885905
	Kansas	20	2013	2013	654	2893957
	Kansas	20	2014	2014	643	2904021
	Kansas	20	2015	2015	684	2911641
	Kansas	20	2016	2016	727	2907289
	Kansas	20	2017	2017	874	2913123
	Kansas	20	2018	2018	803	2911505
	Kansas	20	2019	2019	884	2913314
	Kentucky	21	1999	1999	1133	4018053
	Kentucky	21	2000	2000	1107	4041769
	Kentucky	21	2001	2001	1099	4068132
	Kentucky	21	2002	2002	1265	4089875
	Kentucky	21	2003	2003	1296	4117170
	Kentucky	21	2004	2004	1195	4146101
	Kentucky	21	2005	2005	1187	4182742
	Kentucky	21	2006	2006	1141	4219239
	Kentucky	21	2007	2007	1091	4256672
	Kentucky	21	2008	2008	1214	4289878
	Kentucky	21	2009	2009	1348	4317074
	Kentucky	21	2010	2010	1212	4339367
	Kentucky	21	2011	2011	1268	4369356
	Kentucky	21	2012	2012	1256	4380415
	Kentucky	21	2013	2013	1187	4395295
	Kentucky	21	2014	2014	1175	4413457
	Kentucky	21	2015	2015	1458	4425092
	Kentucky	21	2016	2016	1479	4436974
	Kentucky	21	2017	2017	1474	4454189
	Kentucky	21	2018	2018	1506	4468402
	Kentucky	21	2019	2019	1611	4467673
	Louisiana	22	1999	1999	1687	4460811
	Louisiana	22	2000	2000	1694	4468976
	Louisiana	22	2001	2001	1734	4477875
	Louisiana	22	2002	2002	1774	4497267
	Louisiana	22	2003	2003	1740	4521042
	Louisiana	22	2004	2004	1717	4552238
	Louisiana	22	2005	2005	1695	4576628
	Louisiana	22	2006	2006	1536	4302665
	Louisiana	22	2007	2007	1437	4375581
	Louisiana	22	2008	2008	1332	4435586
	Louisiana	22	2009	2009	1249	4491648
	Louisiana	22	2010	2010	1205	4533372
	Louisiana	22	2011	2011	1265	4574836
	Louisiana	22	2012	2012	1290	4601893
	Louisiana	22	2013	2013	1329	4625470
	Louisiana	22	2014	2014	1238	4649676
	Louisiana	22	2015	2015	1199	4670724
	Louisiana	22	2016	2016	1324	4681666
	Louisiana	22	2017	2017	1272	4684333
	Louisiana	22	2018	2018	1457	4659978
	Louisiana	22	2019	2019	1458	4648794
	Maine	23	1999	1999	348	1266808
	Maine	23	2000	2000	357	1274923
	Maine	23	2001	2001	398	1285692
	Maine	23	2002	2002	404	1295960
	Maine	23	2003	2003	398	1306513
	Maine	23	2004	2004	382	1313688
	Maine	23	2005	2005	385	1318787
	Maine	23	2006	2006	343	1323619
	Maine	23	2007	2007	355	1327040
	Maine	23	2008	2008	344	1330509
	Maine	23	2009	2009	350	1329590
	Maine	23	2010	2010	376	1328361
	Maine	23	2011	2011	353	1328188
	Maine	23	2012	2012	380	1329192
	Maine	23	2013	2013	373	1328302
	Maine	23	2014	2014	414	1330089
	Maine	23	2015	2015	407	1329328
	Maine	23	2016	2016	463	1331479
	Maine	23	2017	2017	395	1335907
	Maine	23	2018	2018	478	1338404
	Maine	23	2019	2019	477	1344212
	Maryland	24	1999	1999	1422	5254509
	Maryland	24	2000	2000	1515	5296486
	Maryland	24	2001	2001	1458	5374691
	Maryland	24	2002	2002	1519	5440389
	Maryland	24	2003	2003	1454	5496269
	Maryland	24	2004	2004	1417	5546935
	Maryland	24	2005	2005	1388	5592379
	Maryland	24	2006	2006	1237	5627367
	Maryland	24	2007	2007	1301	5653408
	Maryland	24	2008	2008	1239	5684965
	Maryland	24	2009	2009	1207	5730388
	Maryland	24	2010	2010	1191	5773552
	Maryland	24	2011	2011	1297	5828289
	Maryland	24	2012	2012	1218	5884563
	Maryland	24	2013	2013	1249	5928814
	Maryland	24	2014	2014	1305	5976407
	Maryland	24	2015	2015	1243	6006401
	Maryland	24	2016	2016	1358	6016447
	Maryland	24	2017	2017	1439	6052177
	Maryland	24	2018	2018	1419	6042718
	Maryland	24	2019	2019	1514	6045680
	Massachusetts	25	1999	1999	1354	6317345
	Massachusetts	25	2000	2000	1361	6349097
	Massachusetts	25	2001	2001	1422	6397634
	Massachusetts	25	2002	2002	1423	6417206
	Massachusetts	25	2003	2003	1424	6422565
	Massachusetts	25	2004	2004	1329	6412281
	Massachusetts	25	2005	2005	1271	6403290
	Massachusetts	25	2006	2006	1132	6410084
	Massachusetts	25	2007	2007	1222	6431559
	Massachusetts	25	2008	2008	1079	6468967
	Massachusetts	25	2009	2009	1007	6517613
	Massachusetts	25	2010	2010	1028	6547629
	Massachusetts	25	2011	2011	1140	6587536
	Massachusetts	25	2012	2012	1099	6646144
	Massachusetts	25	2013	2013	1142	6692824
	Massachusetts	25	2014	2014	1202	6745408
	Massachusetts	25	2015	2015	1398	6794422
	Massachusetts	25	2016	2016	1268	6811779
	Massachusetts	25	2017	2017	1321	6859819
	Massachusetts	25	2018	2018	1391	6902149
	Massachusetts	25	2019	2019	1383	6892503
	Michigan	26	1999	1999	2587	9897116
	Michigan	26	2000	2000	2603	9938444
	Michigan	26	2001	2001	2655	9991120
	Michigan	26	2002	2002	2785	10015710
	Michigan	26	2003	2003	2640	10041152
	Michigan	26	2004	2004	2953	10055315
	Michigan	26	2005	2005	2842	10051137
	Michigan	26	2006	2006	2830	10036081
	Michigan	26	2007	2007	2826	10001284
	Michigan	26	2008	2008	2752	9946889
	Michigan	26	2009	2009	2705	9901591
	Michigan	26	2010	2010	2697	9883640
	Michigan	26	2011	2011	2811	9876187
	Michigan	26	2012	2012	2685	9883360
	Michigan	26	2013	2013	2825	9895622
	Michigan	26	2014	2014	2844	9909877
	Michigan	26	2015	2015	2751	9922576
	Michigan	26	2016	2016	2672	9928300
	Michigan	26	2017	2017	2798	9962311
	Michigan	26	2018	2018	2824	9995915
	Michigan	26	2019	2019	2916	9986857
	Minnesota	27	1999	1999	1249	4873481
	Minnesota	27	2000	2000	1209	4919479
	Minnesota	27	2001	2001	1213	4982796
	Minnesota	27	2002	2002	1317	5018935
	Minnesota	27	2003	2003	1276	5053572
	Minnesota	27	2004	2004	1130	5087713
	Minnesota	27	2005	2005	1258	5119598
	Minnesota	27	2006	2006	1158	5163555
	Minnesota	27	2007	2007	1084	5207203
	Minnesota	27	2008	2008	1087	5247018
	Minnesota	27	2009	2009	1021	5281203
	Minnesota	27	2010	2010	1037	5303925
	Minnesota	27	2011	2011	1189	5344861
	Minnesota	27	2012	2012	1165	5379139
	Minnesota	27	2013	2013	1163	5420380
	Minnesota	27	2014	2014	1193	5457173
	Minnesota	27	2015	2015	1221	5489594
	Minnesota	27	2016	2016	1265	5519952
	Minnesota	27	2017	2017	1312	5576606
	Minnesota	27	2018	2018	1308	5611179
	Minnesota	27	2019	2019	1404	5639632
	Mississippi	28	1999	1999	593	2828408
	Mississippi	28	2000	2000	676	2844658
	Mississippi	28	2001	2001	661	2852994
	Mississippi	28	2002	2002	671	2858681
	Mississippi	28	2003	2003	680	2868312
	Mississippi	28	2004	2004	665	2889010
	Mississippi	28	2005	2005	677	2905943
	Mississippi	28	2006	2006	707	2904978
	Mississippi	28	2007	2007	654	2928350
	Mississippi	28	2008	2008	758	2947806
	Mississippi	28	2009	2009	900	2958774
	Mississippi	28	2010	2010	926	2967297
	Mississippi	28	2011	2011	996	2978512
	Mississippi	28	2012	2012	1050	2984926
	Mississippi	28	2013	2013	1071	2991207
	Mississippi	28	2014	2014	1015	2994079
	Mississippi	28	2015	2015	1092	2992333
	Mississippi	28	2016	2016	1084	2988726
	Mississippi	28	2017	2017	1164	2984100
	Mississippi	28	2018	2018	1074	2986530
	Mississippi	28	2019	2019	1159	2976149
	Missouri	29	1999	1999	1554	5561948
	Missouri	29	2000	2000	1458	5595211
	Missouri	29	2001	2001	1535	5641142
	Missouri	29	2002	2002	1625	5674825
	Missouri	29	2003	2003	1666	5709403
	Missouri	29	2004	2004	1461	5747741
	Missouri	29	2005	2005	1549	5790300
	Missouri	29	2006	2006	1493	5842704
	Missouri	29	2007	2007	1444	5887612
	Missouri	29	2008	2008	1348	5923916
	Missouri	29	2009	2009	1335	5961088
	Missouri	29	2010	2010	1425	5988927
	Missouri	29	2011	2011	1438	6010688
	Missouri	29	2012	2012	1377	6021988
	Missouri	29	2013	2013	1477	6044171
	Missouri	29	2014	2014	1423	6063589
	Missouri	29	2015	2015	1468	6083672
	Missouri	29	2016	2016	1508	6093000
	Missouri	29	2017	2017	1605	6113532
	Missouri	29	2018	2018	1606	6126452
	Missouri	29	2019	2019	1658	6137428
	Montana	30	1999	1999	244	897507
	Montana	30	2000	2000	227	902195
	Montana	30	2001	2001	229	906961
	Montana	30	2002	2002	210	911667
	Montana	30	2003	2003	261	919630
	Montana	30	2004	2004	237	930009
	Montana	30	2005	2005	285	940102
	Montana	30	2006	2006	249	952692
	Montana	30	2007	2007	258	964706
	Montana	30	2008	2008	254	976415
	Montana	30	2009	2009	228	983982
	Montana	30	2010	2010	227	989415
	Montana	30	2011	2011	252	998199
	Montana	30	2012	2012	233	1005141
	Montana	30	2013	2013	250	1015165
	Montana	30	2014	2014	250	1023579
	Montana	30	2015	2015	321	1032949
	Montana	30	2016	2016	311	1042520
	Montana	30	2017	2017	292	1050493
	Montana	30	2018	2018	267	1062305
	Montana	30	2019	2019	282	1068778
	Nebraska	31	1999	1999	372	1704764
	Nebraska	31	2000	2000	411	1711263
	Nebraska	31	2001	2001	400	1719836
	Nebraska	31	2002	2002	393	1728292
	Nebraska	31	2003	2003	407	1738643
	Nebraska	31	2004	2004	395	1749370
	Nebraska	31	2005	2005	449	1761497
	Nebraska	31	2006	2006	437	1772693
	Nebraska	31	2007	2007	472	1783440
	Nebraska	31	2008	2008	470	1796378
	Nebraska	31	2009	2009	445	1812683
	Nebraska	31	2010	2010	452	1826341
	Nebraska	31	2011	2011	460	1842641
	Nebraska	31	2012	2012	442	1855525
	Nebraska	31	2013	2013	471	1868516
	Nebraska	31	2014	2014	473	1881503
	Nebraska	31	2015	2015	553	1896190
	Nebraska	31	2016	2016	501	1907116
	Nebraska	31	2017	2017	575	1920076
	Nebraska	31	2018	2018	596	1929268
	Nebraska	31	2019	2019	540	1934408
	Nevada	32	1999	1999	286	1934718
	Nevada	32	2000	2000	276	1998257
	Nevada	32	2001	2001	322	2098399
	Nevada	32	2002	2002	343	2173791
	Nevada	32	2003	2003	301	2248850
	Nevada	32	2004	2004	290	2346222
	Nevada	32	2005	2005	336	2432143
	Nevada	32	2006	2006	294	2522658
	Nevada	32	2007	2007	312	2601072
	Nevada	32	2008	2008	373	2653630
	Nevada	32	2009	2009	377	2684665
	Nevada	32	2010	2010	350	2700551
	Nevada	32	2011	2011	400	2723322
	Nevada	32	2012	2012	438	2758931
	Nevada	32	2013	2013	424	2790136
	Nevada	32	2014	2014	350	2839099
	Nevada	32	2015	2015	420	2890845
	Nevada	32	2016	2016	580	2940058
	Nevada	32	2017	2017	609	2998039
	Nevada	32	2018	2018	674	3034392
	Nevada	32	2019	2019	836	3080156
	New Hampshire	33	1999	1999	294	1222014
	New Hampshire	33	2000	2000	297	1235786
	New Hampshire	33	2001	2001	291	1255517
	New Hampshire	33	2002	2002	311	1269089
	New Hampshire	33	2003	2003	300	1279840
	New Hampshire	33	2004	2004	313	1290121
	New Hampshire	33	2005	2005	310	1298492
	New Hampshire	33	2006	2006	296	1308389
	New Hampshire	33	2007	2007	280	1312540
	New Hampshire	33	2008	2008	297	1315906
	New Hampshire	33	2009	2009	276	1316102
	New Hampshire	33	2010	2010	236	1316470
	New Hampshire	33	2011	2011	280	1318194
	New Hampshire	33	2012	2012	275	1320718
	New Hampshire	33	2013	2013	310	1323459
	New Hampshire	33	2014	2014	300	1326813
	New Hampshire	33	2015	2015	308	1330608
	New Hampshire	33	2016	2016	316	1334795
	New Hampshire	33	2017	2017	340	1342795
	New Hampshire	33	2018	2018	319	1356458
	New Hampshire	33	2019	2019	363	1359711
	New Jersey	34	1999	1999	2436	8359592
	New Jersey	34	2000	2000	2483	8414350
	New Jersey	34	2001	2001	2556	8492671
	New Jersey	34	2002	2002	2532	8552643
	New Jersey	34	2003	2003	2484	8601402
	New Jersey	34	2004	2004	2595	8634561
	New Jersey	34	2005	2005	2540	8651974
	New Jersey	34	2006	2006	2454	8661679
	New Jersey	34	2007	2007	2329	8677885
	New Jersey	34	2008	2008	2242	8711090
	New Jersey	34	2009	2009	1959	8755602
	New Jersey	34	2010	2010	2098	8791894
	New Jersey	34	2011	2011	2222	8821155
	New Jersey	34	2012	2012	1988	8864590
	New Jersey	34	2013	2013	2043	8899339
	New Jersey	34	2014	2014	2062	8938175
	New Jersey	34	2015	2015	1933	8958013
	New Jersey	34	2016	2016	1949	8944469
	New Jersey	34	2017	2017	1908	9005644
	New Jersey	34	2018	2018	1880	8908520
	New Jersey	34	2019	2019	1934	8882190
	New Mexico	35	1999	1999	517	1808082
	New Mexico	35	2000	2000	485	1819046
	New Mexico	35	2001	2001	538	1831690
	New Mexico	35	2002	2002	582	1855309
	New Mexico	35	2003	2003	599	1877574
	New Mexico	35	2004	2004	590	1903808
	New Mexico	35	2005	2005	595	1932274
	New Mexico	35	2006	2006	606	1962137
	New Mexico	35	2007	2007	673	1990070
	New Mexico	35	2008	2008	582	2010662
	New Mexico	35	2009	2009	597	2036802
	New Mexico	35	2010	2010	643	2059179
	New Mexico	35	2011	2011	612	2082224
	New Mexico	35	2012	2012	652	2085538
	New Mexico	35	2013	2013	646	2085287
	New Mexico	35	2014	2014	671	2085572
	New Mexico	35	2015	2015	608	2085109
	New Mexico	35	2016	2016	678	2081015
	New Mexico	35	2017	2017	673	2088070
	New Mexico	35	2018	2018	685	2095428
	New Mexico	35	2019	2019	673	2096829
	New York	36	1999	1999	3799	18882725
	New York	36	2000	2000	3877	18976457
	New York	36	2001	2001	3844	19082838
	New York	36	2002	2002	3934	19137800
	New York	36	2003	2003	4227	19175939
	New York	36	2004	2004	3913	19171567
	New York	36	2005	2005	4051	19132610
	New York	36	2006	2006	3848	19104631
	New York	36	2007	2007	3715	19132335
	New York	36	2008	2008	3605	19212436
	New York	36	2009	2009	3723	19307066
	New York	36	2010	2010	3642	19378102
	New York	36	2011	2011	3988	19465197
	New York	36	2012	2012	4010	19570261
	New York	36	2013	2013	4094	19651127
	New York	36	2014	2014	4064	19746227
	New York	36	2015	2015	4045	19795791
	New York	36	2016	2016	4038	19745289
	New York	36	2017	2017	4176	19849399
	New York	36	2018	2018	4519	19542209
	New York	36	2019	2019	4564	19453561
	North Carolina	37	1999	1999	2050	7949361
	North Carolina	37	2000	2000	2084	8049313
	North Carolina	37	2001	2001	2181	8210122
	North Carolina	37	2002	2002	2205	8326201
	North Carolina	37	2003	2003	2388	8422501
	North Carolina	37	2004	2004	2253	8553152
	North Carolina	37	2005	2005	2261	8705407
	North Carolina	37	2006	2006	2234	8917270
	North Carolina	37	2007	2007	2156	9118037
	North Carolina	37	2008	2008	2170	9309449
	North Carolina	37	2009	2009	2114	9449566
	North Carolina	37	2010	2010	2042	9535483
	North Carolina	37	2011	2011	2278	9656401
	North Carolina	37	2012	2012	2409	9752073
	North Carolina	37	2013	2013	2402	9848060
	North Carolina	37	2014	2014	2687	9943964
	North Carolina	37	2015	2015	2746	10042802
	North Carolina	37	2016	2016	2811	10146788
	North Carolina	37	2017	2017	2903	10273419
	North Carolina	37	2018	2018	3013	10383620
	North Carolina	37	2019	2019	3124	10488084
	North Dakota	38	1999	1999	203	644259
	North Dakota	38	2000	2000	203	642200
	North Dakota	38	2001	2001	196	639062
	North Dakota	38	2002	2002	214	638168
	North Dakota	38	2003	2003	211	638817
	North Dakota	38	2004	2004	209	644705
	North Dakota	38	2005	2005	204	646089
	North Dakota	38	2006	2006	208	649422
	North Dakota	38	2007	2007	226	652822
	North Dakota	38	2008	2008	201	657569
	North Dakota	38	2009	2009	214	664968
	North Dakota	38	2010	2010	192	672591
	North Dakota	38	2011	2011	207	683932
	North Dakota	38	2012	2012	185	699628
	North Dakota	38	2013	2013	197	723393
	North Dakota	38	2014	2014	176	739482
	North Dakota	38	2015	2015	195	756927
	North Dakota	38	2016	2016	171	757952
	North Dakota	38	2017	2017	194	755393
	North Dakota	38	2018	2018	214	760077
	North Dakota	38	2019	2019	183	762062
	Ohio	39	1999	1999	3675	11335454
	Ohio	39	2000	2000	3691	11353140
	Ohio	39	2001	2001	3750	11387404
	Ohio	39	2002	2002	3846	11407889
	Ohio	39	2003	2003	3731	11434788
	Ohio	39	2004	2004	3615	11452251
	Ohio	39	2005	2005	3794	11463320
	Ohio	39	2006	2006	3761	11481213
	Ohio	39	2007	2007	3722	11500468
	Ohio	39	2008	2008	3565	11515391
	Ohio	39	2009	2009	3401	11528896
	Ohio	39	2010	2010	3470	11536504
	Ohio	39	2011	2011	3668	11544951
	Ohio	39	2012	2012	3618	11544225
	Ohio	39	2013	2013	3563	11570808
	Ohio	39	2014	2014	3641	11594163
	Ohio	39	2015	2015	3645	11613423
	Ohio	39	2016	2016	3568	11614373
	Ohio	39	2017	2017	3740	11658609
	Ohio	39	2018	2018	3845	11689442
	Ohio	39	2019	2019	3873	11689100
	Oklahoma	40	1999	1999	986	3437147
	Oklahoma	40	2000	2000	978	3450654
	Oklahoma	40	2001	2001	1065	3467100
	Oklahoma	40	2002	2002	1064	3489080
	Oklahoma	40	2003	2003	1104	3504892
	Oklahoma	40	2004	2004	1139	3525233
	Oklahoma	40	2005	2005	1217	3548597
	Oklahoma	40	2006	2006	1166	3594090
	Oklahoma	40	2007	2007	1148	3634349
	Oklahoma	40	2008	2008	1103	3668976
	Oklahoma	40	2009	2009	1146	3717572
	Oklahoma	40	2010	2010	1089	3751351
	Oklahoma	40	2011	2011	1221	3791508
	Oklahoma	40	2012	2012	1201	3814820
	Oklahoma	40	2013	2013	1269	3850568
	Oklahoma	40	2014	2014	1261	3878051
	Oklahoma	40	2015	2015	1442	3911338
	Oklahoma	40	2016	2016	1393	3923561
	Oklahoma	40	2017	2017	1398	3930864
	Oklahoma	40	2018	2018	1340	3943079
	Oklahoma	40	2019	2019	1306	3956971
	Oregon	41	1999	1999	860	3393941
	Oregon	41	2000	2000	844	3421399
	Oregon	41	2001	2001	1011	3467937
	Oregon	41	2002	2002	1041	3513424
	Oregon	41	2003	2003	1032	3547376
	Oregon	41	2004	2004	1073	3569463
	Oregon	41	2005	2005	1149	3613202
	Oregon	41	2006	2006	1139	3670883
	Oregon	41	2007	2007	1113	3722417
	Oregon	41	2008	2008	1025	3768748
	Oregon	41	2009	2009	1073	3808600
	Oregon	41	2010	2010	1052	3831074
	Oregon	41	2011	2011	1113	3871859
	Oregon	41	2012	2012	1126	3899353
	Oregon	41	2013	2013	1109	3930065
	Oregon	41	2014	2014	1083	3970239
	Oregon	41	2015	2015	1148	4028977
	Oregon	41	2016	2016	1240	4093465
	Oregon	41	2017	2017	1243	4142776
	Oregon	41	2018	2018	1224	4190713
	Oregon	41	2019	2019	1266	4217737
	Pennsylvania	42	1999	1999	3742	12263805
	Pennsylvania	42	2000	2000	3794	12281054
	Pennsylvania	42	2001	2001	3826	12298970
	Pennsylvania	42	2002	2002	3708	12331031
	Pennsylvania	42	2003	2003	3732	12374658
	Pennsylvania	42	2004	2004	3579	12410722
	Pennsylvania	42	2005	2005	3553	12449990
	Pennsylvania	42	2006	2006	3466	12510809
	Pennsylvania	42	2007	2007	3442	12563937
	Pennsylvania	42	2008	2008	3313	12612285
	Pennsylvania	42	2009	2009	3254	12666858
	Pennsylvania	42	2010	2010	3242	12702379
	Pennsylvania	42	2011	2011	3462	12742886
	Pennsylvania	42	2012	2012	3735	12763536
	Pennsylvania	42	2013	2013	3804	12773801
	Pennsylvania	42	2014	2014	3765	12787209
	Pennsylvania	42	2015	2015	3777	12802503
	Pennsylvania	42	2016	2016	3560	12784227
	Pennsylvania	42	2017	2017	3704	12805537
	Pennsylvania	42	2018	2018	3603	12807060
	Pennsylvania	42	2019	2019	3654	12801989
	Rhode Island	44	1999	1999	236	1040402
	Rhode Island	44	2000	2000	292	1048319
	Rhode Island	44	2001	2001	265	1057142
	Rhode Island	44	2002	2002	263	1065995
	Rhode Island	44	2003	2003	252	1071342
	Rhode Island	44	2004	2004	280	1074579
	Rhode Island	44	2005	2005	282	1067916
	Rhode Island	44	2006	2006	206	1063096
	Rhode Island	44	2007	2007	248	1057315
	Rhode Island	44	2008	2008	195	1055003
	Rhode Island	44	2009	2009	213	1053646
	Rhode Island	44	2010	2010	211	1052567
	Rhode Island	44	2011	2011	180	1051302
	Rhode Island	44	2012	2012	198	1050292
	Rhode Island	44	2013	2013	258	1051511
	Rhode Island	44	2014	2014	252	1055173
	Rhode Island	44	2015	2015	276	1056298
	Rhode Island	44	2016	2016	239	1056426
	Rhode Island	44	2017	2017	275	1059639
	Rhode Island	44	2018	2018	249	1057315
	Rhode Island	44	2019	2019	265	1059361
	South Carolina	45	1999	1999	1118	3974682
	South Carolina	45	2000	2000	1206	4012012
	South Carolina	45	2001	2001	1088	4064995
	South Carolina	45	2002	2002	1112	4107795
	South Carolina	45	2003	2003	1161	4150297
	South Carolina	45	2004	2004	1165	4210921
	South Carolina	45	2005	2005	1187	4270150
	South Carolina	45	2006	2006	1136	4357847
	South Carolina	45	2007	2007	1231	4444110
	South Carolina	45	2008	2008	1133	4528996
	South Carolina	45	2009	2009	1128	4589872
	South Carolina	45	2010	2010	1128	4625364
	South Carolina	45	2011	2011	1090	4679230
	South Carolina	45	2012	2012	1197	4723723
	South Carolina	45	2013	2013	1240	4774839
	South Carolina	45	2014	2014	1239	4832482
	South Carolina	45	2015	2015	1347	4896146
	South Carolina	45	2016	2016	1369	4961119
	South Carolina	45	2017	2017	1535	5024369
	South Carolina	45	2018	2018	1580	5084127
	South Carolina	45	2019	2019	1610	5148714
	South Dakota	46	1999	1999	196	750412
	South Dakota	46	2000	2000	180	754844
	South Dakota	46	2001	2001	212	757972
	South Dakota	46	2002	2002	195	760020
	South Dakota	46	2003	2003	203	763729
	South Dakota	46	2004	2004	229	770396
	South Dakota	46	2005	2005	241	775493
	South Dakota	46	2006	2006	262	783033
	South Dakota	46	2007	2007	247	791623
	South Dakota	46	2008	2008	216	799124
	South Dakota	46	2009	2009	202	807067
	South Dakota	46	2010	2010	240	814180
	South Dakota	46	2011	2011	263	824082
	South Dakota	46	2012	2012	218	833354
	South Dakota	46	2013	2013	237	844877
	South Dakota	46	2014	2014	224	853175
	South Dakota	46	2015	2015	282	858469
	South Dakota	46	2016	2016	253	865454
	South Dakota	46	2017	2017	263	869666
	South Dakota	46	2018	2018	252	882235
	South Dakota	46	2019	2019	287	884659
	Tennessee	47	1999	1999	1436	5638706
	Tennessee	47	2000	2000	1591	5689283
	Tennessee	47	2001	2001	1746	5750789
	Tennessee	47	2002	2002	1749	5795918
	Tennessee	47	2003	2003	1855	5847812
	Tennessee	47	2004	2004	1882	5910809
	Tennessee	47	2005	2005	1844	5991057
	Tennessee	47	2006	2006	1715	6088766
	Tennessee	47	2007	2007	1700	6175727
	Tennessee	47	2008	2008	1733	6247411
	Tennessee	47	2009	2009	1759	6306019
	Tennessee	47	2010	2010	1687	6346105
	Tennessee	47	2011	2011	1748	6403353
	Tennessee	47	2012	2012	1852	6456243
	Tennessee	47	2013	2013	1827	6495978
	Tennessee	47	2014	2014	1727	6549352
	Tennessee	47	2015	2015	1798	6600299
	Tennessee	47	2016	2016	1883	6651194
	Tennessee	47	2017	2017	1915	6715984
	Tennessee	47	2018	2018	2023	6770010
	Tennessee	47	2019	2019	2161	6829174
	Texas	48	1999	1999	4931	20558220
	Texas	48	2000	2000	5196	20851820
	Texas	48	2001	2001	5456	21319622
	Texas	48	2002	2002	5654	21690325
	Texas	48	2003	2003	5668	22030931
	Texas	48	2004	2004	5435	22394023
	Texas	48	2005	2005	5605	22778123
	Texas	48	2006	2006	5201	23359580
	Texas	48	2007	2007	5109	23831983
	Texas	48	2008	2008	5155	24309039
	Texas	48	2009	2009	4873	24801761
	Texas	48	2010	2010	4744	25145561
	Texas	48	2011	2011	5091	25674681
	Texas	48	2012	2012	5136	26059203
	Texas	48	2013	2013	5273	26448193
	Texas	48	2014	2014	5348	26956958
	Texas	48	2015	2015	5521	27469114
	Texas	48	2016	2016	5470	27862596
	Texas	48	2017	2017	5832	28304596
	Texas	48	2018	2018	5991	28701845
	Texas	48	2019	2019	6889	28995881
	Utah	49	1999	1999	472	2203482
	Utah	49	2000	2000	530	2233169
	Utah	49	2001	2001	509	2283715
	Utah	49	2002	2002	514	2324815
	Utah	49	2003	2003	520	2360137
	Utah	49	2004	2004	485	2401580
	Utah	49	2005	2005	541	2457719
	Utah	49	2006	2006	496	2525507
	Utah	49	2007	2007	548	2597746
	Utah	49	2008	2008	468	2663029
	Utah	49	2009	2009	463	2723421
	Utah	49	2010	2010	471	2763885
	Utah	49	2011	2011	561	2817222
	Utah	49	2012	2012	541	2855287
	Utah	49	2013	2013	578	2900872
	Utah	49	2014	2014	570	2942902
	Utah	49	2015	2015	604	2995919
	Utah	49	2016	2016	624	3051217
	Utah	49	2017	2017	596	3101833
	Utah	49	2018	2018	629	3161105
	Utah	49	2019	2019	692	3205958
	Vermont	50	1999	1999	179	604683
	Vermont	50	2000	2000	163	608827
	Vermont	50	2001	2001	155	612223
	Vermont	50	2002	2002	174	615442
	Vermont	50	2003	2003	183	617858
	Vermont	50	2004	2004	150	619920
	Vermont	50	2005	2005	173	621215
	Vermont	50	2006	2006	175	622892
	Vermont	50	2007	2007	170	623481
	Vermont	50	2008	2008	151	624151
	Vermont	50	2009	2009	143	624817
	Vermont	50	2010	2010	151	625741
	Vermont	50	2011	2011	168	626431
	Vermont	50	2012	2012	168	626011
	Vermont	50	2013	2013	139	626630
	Vermont	50	2014	2014	154	626562
	Vermont	50	2015	2015	159	626042
	Vermont	50	2016	2016	166	624594
	Vermont	50	2017	2017	163	623657
	Vermont	50	2018	2018	156	626299
	Vermont	50	2019	2019	136	623989
	Virginia	51	1999	1999	1486	7000174
	Virginia	51	2000	2000	1564	7078515
	Virginia	51	2001	2001	1613	7198362
	Virginia	51	2002	2002	1558	7286873
	Virginia	51	2003	2003	1587	7366977
	Virginia	51	2004	2004	1602	7475575
	Virginia	51	2005	2005	1642	7577105
	Virginia	51	2006	2006	1632	7673725
	Virginia	51	2007	2007	1507	7751000
	Virginia	51	2008	2008	1534	7833496
	Virginia	51	2009	2009	1560	7925937
	Virginia	51	2010	2010	1530	8001024
	Virginia	51	2011	2011	1643	8096604
	Virginia	51	2012	2012	1603	8185867
	Virginia	51	2013	2013	1626	8260405
	Virginia	51	2014	2014	1683	8326289
	Virginia	51	2015	2015	2044	8382993
	Virginia	51	2016	2016	2062	8411808
	Virginia	51	2017	2017	1967	8470020
	Virginia	51	2018	2018	2286	8517685
	Virginia	51	2019	2019	2350	8535519
	Washington	53	1999	1999	1307	5842564
	Washington	53	2000	2000	1331	5894121
	Washington	53	2001	2001	1403	5985722
	Washington	53	2002	2002	1494	6052349
	Washington	53	2003	2003	1509	6104115
	Washington	53	2004	2004	1508	6178645
	Washington	53	2005	2005	1554	6257305
	Washington	53	2006	2006	1543	6370753
	Washington	53	2007	2007	1508	6461587
	Washington	53	2008	2008	1590	6562231
	Washington	53	2009	2009	1554	6667426
	Washington	53	2010	2010	1499	6724540
	Washington	53	2011	2011	1633	6830038
	Washington	53	2012	2012	1650	6897012
	Washington	53	2013	2013	1616	6971406
	Washington	53	2014	2014	1668	7061530
	Washington	53	2015	2015	1811	7170351
	Washington	53	2016	2016	1673	7288000
	Washington	53	2017	2017	1812	7405743
	Washington	53	2018	2018	1779	7535591
	Washington	53	2019	2019	1842	7614893
	West Virginia	54	1999	1999	734	1811799
	West Virginia	54	2000	2000	759	1808344
	West Virginia	54	2001	2001	802	1801481
	West Virginia	54	2002	2002	846	1805414
	West Virginia	54	2003	2003	807	1812295
	West Virginia	54	2004	2004	840	1816438
	West Virginia	54	2005	2005	766	1820492
	West Virginia	54	2006	2006	743	1827912
	West Virginia	54	2007	2007	800	1834052
	West Virginia	54	2008	2008	753	1840310
	West Virginia	54	2009	2009	746	1847775
	West Virginia	54	2010	2010	776	1852994
	West Virginia	54	2011	2011	790	1855364
	West Virginia	54	2012	2012	741	1855413
	West Virginia	54	2013	2013	841	1854304
	West Virginia	54	2014	2014	818	1850326
	West Virginia	54	2015	2015	784	1844128
	West Virginia	54	2016	2016	860	1831102
	West Virginia	54	2017	2017	864	1815857
	West Virginia	54	2018	2018	927	1805832
	West Virginia	54	2019	2019	952	1792147
	Wisconsin	55	1999	1999	1273	5332666
	Wisconsin	55	2000	2000	1309	5363675
	Wisconsin	55	2001	2001	1337	5406835
	Wisconsin	55	2002	2002	1353	5445162
	Wisconsin	55	2003	2003	1331	5479203
	Wisconsin	55	2004	2004	1310	5514026
	Wisconsin	55	2005	2005	1276	5546166
	Wisconsin	55	2006	2006	1212	5577655
	Wisconsin	55	2007	2007	1136	5610775
	Wisconsin	55	2008	2008	1152	5640996
	Wisconsin	55	2009	2009	1110	5669264
	Wisconsin	55	2010	2010	1158	5686986
	Wisconsin	55	2011	2011	1197	5711767
	Wisconsin	55	2012	2012	1289	5726398
	Wisconsin	55	2013	2013	1285	5742713
	Wisconsin	55	2014	2014	1352	5757564
	Wisconsin	55	2015	2015	1382	5771337
	Wisconsin	55	2016	2016	1440	5778708
	Wisconsin	55	2017	2017	1433	5795483
	Wisconsin	55	2018	2018	1508	5813568
	Wisconsin	55	2019	2019	1548	5822434
	Wyoming	56	1999	1999	135	491780
	Wyoming	56	2000	2000	111	493782
	Wyoming	56	2001	2001	120	494657
	Wyoming	56	2002	2002	145	500017
	Wyoming	56	2003	2003	138	503453
	Wyoming	56	2004	2004	110	509106
	Wyoming	56	2005	2005	130	514157
	Wyoming	56	2006	2006	126	522667
	Wyoming	56	2007	2007	139	534876
	Wyoming	56	2008	2008	130	546043
	Wyoming	56	2009	2009	105	559851
	Wyoming	56	2010	2010	105	563626
	Wyoming	56	2011	2011	108	568158
	Wyoming	56	2012	2012	97	576412
	Wyoming	56	2013	2013	89	582658
	Wyoming	56	2014	2014	110	584153
	Wyoming	56	2015	2015	136	586107
	Wyoming	56	2016	2016	112	585501
	Wyoming	56	2017	2017	121	579315
	Wyoming	56	2018	2018	145	577737
	Wyoming	56	2019	2019	132	578759
---						
"Dataset: Underlying Cause of Death, 1999-2019"						
Query Parameters:						
ICD-10 Codes: E10-E14 (Diabetes mellitus)						
Group By: State; Year						
Show Totals: False						
Show Zero Values: True						
Show Suppressed: True						
"Calculate Rates Per: 100,000"						
Rate Options: Default intercensal populations for years 2001-2009 (except Infant Age Groups)						
---						
Help: See http://wonder.cdc.gov/wonder/help/ucd.html for more information.						
---						
"Query Date: Dec 28, 2020 12:58:46 PM"						
---						
"Suggested Citation: Centers for Disease Control and Prevention, National Center for Health Statistics. Underlying Cause of Death"						
"1999-2019 on CDC WONDER Online Database, released in 2020. Data are from the Multiple Cause of Death Files, 1999-2019, as"						
compiled from data provided by the 57 vital statistics jurisdictions through the Vital Statistics Cooperative Program. Accessed						
"at http://wonder.cdc.gov/ucd-icd10.html on Dec 28, 2020 12:58:46 PM"						
---						
Caveats:						
"1. As of April 3, 2017, the underlying cause of death has been revised for 125 deaths in 2014. More information:"						
http://wonder.cdc.gov/wonder/help/ucd.html#2014-Revision.						
2. Circumstances in Georgia for the years 2008 and 2009 have resulted in unusually high death counts for the ICD-10 cause of						
"death code R99, ""Other ill-defined and unspecified causes of mortality."" Caution should be used in interpreting these data."						
More information: http://wonder.cdc.gov/wonder/help/ucd.html#Georgia-Reporting-Anomalies.						
3. Circumstances in New Jersey for the year 2009 have resulted in unusually high death counts for the ICD-10 cause of death code						
"R99, ""Other ill-defined and unspecified causes of mortality"" and therefore unusually low death counts in other ICD-10 codes,"						
"most notably R95, ""Sudden Infant Death Syndrome"" and X40-X49, ""Unintentional poisoning."" Caution should be used in"						
interpreting these data. More information: http://wonder.cdc.gov/wonder/help/ucd.html#New-Jersey-Reporting-Anomalies.						
"4. Circumstances in California resulted in unusually high death counts for the ICD-10 cause of death code R99, ""Other"						
"ill-defined and unspecified causes of mortality"" for deaths occurring in years 2000 and 2001. Caution should be used in"						
interpreting these data. More information: http://wonder.cdc.gov/wonder/help/ucd.html#California-Reporting-Anomalies.						
"5. The population figures for year 2019 are bridged-race estimates of the July 1 resident population, from the Vintage 2019"						
"postcensal series released by NCHS on July 9, 2020. The population figures for year 2018 are bridged-race estimates of the July"						
"1 resident population, from the Vintage 2018 postcensal series released by NCHS on June 25, 2019. The population figures for"						
"year 2017 are bridged-race estimates of the July 1 resident population, from the Vintage 2017 postcensal series released by NCHS"						
"on June 27, 2018. The population figures for year 2016 are bridged-race estimates of the July 1 resident population, from the"						
"Vintage 2016 postcensal series released by NCHS on June 26, 2017. The population figures for year 2015 are bridged-race"						
"estimates of the July 1 resident population, from the Vintage 2015 postcensal series released by NCHS on June 28, 2016. The"						
"population figures for year 2014 are bridged-race estimates of the July 1 resident population, from the Vintage 2014 postcensal"						
"series released by NCHS on June 30, 2015. The population figures for year 2013 are bridged-race estimates of the July 1 resident"						
"population, from the Vintage 2013 postcensal series released by NCHS on June 26, 2014. The population figures for year 2012 are"						
"bridged-race estimates of the July 1 resident population, from the Vintage 2012 postcensal series released by NCHS on June 13,"						
"2013. The population figures for year 2011 are bridged-race estimates of the July 1 resident population, from the Vintage 2011"						
"postcensal series released by NCHS on July 18, 2012. Population figures for 2010 are April 1 Census counts. The population"						
"figures for years 2001 - 2009 are bridged-race estimates of the July 1 resident population, from the revised intercensal"						
"county-level 2000 - 2009 series released by NCHS on October 26, 2012. Population figures for 2000 are April 1 Census counts."						
Population figures for 1999 are from the 1990-1999 intercensal series of July 1 estimates. Population figures for the infant age						
groups are the number of live births. <br/><b>Note:</b> Rates and population figures for years 2001 - 2009 differ slightly from						
"previously published reports, due to use of the population estimates which were available at the time of release."						
6. The population figures used in the calculation of death rates for the age group 'under 1 year' are the estimates of the						
resident population that is under one year of age. More information: http://wonder.cdc.gov/wonder/help/ucd.html#Age Group.						
